0,489
132,52
132,51
132,50
132,49
132,48
132,47
132,46
132,45
132,44
132,43
132,42
132,41
132,40
132,39
132,38
132,37
132,36
132,35
0,475
128,2
128,0
122,2
122,0
120,2
120,0
109,3
109,2
109,1
109,0
108,2
108,0
102,3
102,2
102,1
102,0
95,4
95,3
95,2
95,1
20,2
20,1
14,5
20,3
12,3
12,2
19,2
12,1
11,3
11,2
19,1
19,3
11,1
10,3
10,2
10,1
9,3
9,2
9,1
8,3
8,2
8,1
3,3
3,2
3,1
0,412
0,324
18,1
18,3
2,2
2,1
108,1
2,3
0,243
0,0
122,1
108,3
122,3
14,1
14,4
13,1
14,3
13,3
128,3
128,6
128,5
128,1
128,4
120,3
120,1
120,4
0,273
0,270
0,386
0,9
132,34
132,33
132,32
132,31
132,30
132,29
132,28
132,27
132,26
132,25
132,24
132,23
